MESA = (M, B, A, P) a primeira linha do arquivo é um comentário
M = 20 x 36
B = {(2,2 - 2,4),(3,2 - 3,4),(2,6 - 2,8),(3,6 - 3,8),(0,10 - 3,10),(2,12 - 2,16),(3,12 - 3,16), (0,18 - 3,18),(0,19 - 3,19) (2,21 - 2,25),(3,21 - 3,25),(0,27 - 3,27),(2,29 - 2,31),(3,29 - 3,31),(2,33 - 2,35),(3,33 - 3,35),
     (5,2 - 5,4),(5,6 - 5,6),(5,8 - 5,12),(5,14 - 5,14),(5,16 - 5,21),(5,23 - 5,23),(5,25 - 5,29),(5,31 - 5,31),(5,33 - 5,35)
     (6,6 - 6,6),(6,10 - 6,10),(6,14 - 6,14),(6,18 - 6,19),(6,23 - 6,23),(6,27 - 6,27),(6,31 - 6,31)
     (7,1 - 7,4),(7,6 - 7,6),(7,8 - 7,8),(7,8 - 7,8),(7,10 - 7,10),(7,12 - 7,16),(7,18 - 7,19),(7,21 - 7,25),(7,27 - 7,27),(7,29 - 7,29),(7,31 - 7,31),(7,33 - 7,36)
     (8,1 - 8,4),(8,6 - 8,6),(8,8 - 8,8),(8,14 - 8,14), (8,23 - 8,23),(8,29 - 8,29),(8,31 - 8,31),(8,33 - 8,36)
     (9,1 - 9,4),(9,6 - 9,6),(9,8 - 9,8),(9,10 - 9,12),(9,14 - 9,14),(9,16 - 9,17),(9,20 - 9,21),(9,23 - 9,23),(9,25 - 9,27),(9,29 - 9,29),(9,31 - 9,31),(9,33 - 9,36)
     (10,10 - 10,10),(10,16 - 10,16),(10,21 - 10,21),(10,27 - 10,27)
     (11,1 - 11,4),(11,6 - 11,6), (11,8 - 11,10),(11,12 - 11,14),(11,16 - 11,16),(11,21 - 11,21),(11,23 - 11,25),(11,27 - 11,29),(11,31 - 11,31),(11,33 - 11,36)
     (12,1 - 12,4),(12,6 - 12,6),(12,14 - 12,14),(12,16 - 12,21),(12,23 - 12,23),(12,31 - 12,31),(12,33 - 12,36)
     (13,1 - 13,4),(13,6 - 13,6),(13,8 - 13,12),(13,14 - 13,14),(13,23 - 13,23),(13,25 - 13,29),(13,31 - 13,31),(13,33 - 13,36)
     (14,10 - 14,10),(14,18 - 14,19),(14,27 - 14,27),
     (15,2 - 15,4),(15,6 - 15,8),(15,10 - 15,10),(15,12 - 15,16),(15,18 - 15,19),(15,21 - 15,25),(15,27 - 15,27),(15,29 - 15,31),(15,33 - 15,35)
     (16,4 - 16,4),(16,33 - 16,33)
     (17,1 - 17,2),(17,4 - 17,4),(17,6 - 17,6),(17,8 - 17,12),(17,14 - 17,14),(17,16 - 17,21),(17,23 - 17,23),(17,25 - 17,29),(17,31 - 17,31),(17,33 - 17,33),(17,35 - 17,36)
     (18,6 - 18,6),(18,10 - 18,10),(18,14 - 18,14),(18,18 - 18,19),(18,23 - 18,23),(18,27 - 18,27),(18,31 - 18,31)
     (19,2 - 19,8),(19,10 - 19,10),(19,12 - 19,16),(19,18 - 19,19),(19,21- 19,25),(19,21- 19,25),(19,27- 19,27),(19,29- 19,35)}
A = {(2,1), (1,36), (1,17) }
P = { (10,4), D }